[tensor([ 42,  58,  91, 105, 131, 207, 223, 224, 265, 266, 277, 311, 341, 351,
        369, 375, 387, 388, 395, 429, 435, 436, 439, 441, 457, 468, 485, 492,
        500]), tensor([ 36,  90,  94, 238, 282, 372, 385, 421, 449]), tensor([ 10,  31,  39,  43,  60, 133, 139, 141, 150, 182, 235, 310, 321, 340,
        353, 358, 380, 405, 412, 416, 418, 446]), tensor([ 19,  20,  29,  45,  72,  84, 117, 125, 128, 137, 147, 186, 187, 216,
        242, 258, 278, 295, 303, 315, 323, 329, 342, 347, 355, 364, 386, 403,
        417, 424, 428, 465, 490, 493, 506, 511]), tensor([190]), tensor([118, 371]), tensor([ 13,  18,  37,  67,  89, 106, 123, 135, 143, 156, 161, 165, 177, 185,
        189, 199, 211, 221, 227, 246, 250, 253, 259, 268, 286, 292, 325, 333,
        335, 345, 426, 430, 433, 444, 451, 476, 508]), tensor([162, 267]), tensor([55]), tensor([ 73, 344, 488]), tensor([343]), tensor([ 28,  56,  75, 124, 236, 291, 313, 314, 398]), tensor([  7,  26,  57,  65, 102, 170, 217, 346, 458, 462, 464, 502]), tensor([ 44,  95, 509]), tensor([193, 272]), tensor([ 64,  88, 183, 326, 392, 396, 461, 480]), tensor([174, 225, 229, 233, 239, 257, 269, 275, 281, 283, 296, 352, 367, 425,
        482, 483, 496]), tensor([ 22,  35,  61,  86,  96, 113, 203, 209, 218, 350, 400, 406, 445, 454,
        460]), tensor([ 34,  53, 158, 240, 249, 280, 304, 393]), tensor([ 23, 148, 163, 201, 243, 254, 260, 362, 368, 370, 374]), tensor([ 27,  40,  66,  76,  82, 101, 108, 153, 179, 244, 349, 397, 404, 407,
        448, 481, 497]), tensor([  3,  12, 176, 200, 215, 284, 309, 320, 331, 363, 378, 402, 422, 450,
        452, 455, 507]), tensor([ 15,  24,  52,  80,  87, 136, 180, 194, 230, 273, 293, 294, 317, 389,
        391, 442]), tensor([  9,  17, 107, 115, 122, 160, 252, 262, 271, 279, 288, 432, 472, 489]), tensor([ 71, 134, 205, 220, 366, 381, 434]), tensor([109, 319]), tensor([ 16, 111, 130, 219, 276, 290, 298, 390, 443, 473, 504]), tensor([ 14,  63, 157, 339, 361, 413, 415]), tensor([197, 512]), tensor([  0,  54,  59, 104, 112, 114, 116, 167, 202, 204, 302, 308, 354, 377,
        440, 463, 467, 498]), tensor([ 97, 119, 166, 169, 171, 214, 338, 382, 470, 499]), tensor([ 38,  93, 144, 154, 471, 487]), tensor([ 25,  46,  51,  62,  98, 132, 149, 178, 306, 348, 356, 359, 376, 469,
        475, 495, 501]), tensor([ 49,  92, 120, 127, 213, 226, 241, 270, 299, 334, 409, 419, 466, 503]), tensor([ 47, 287, 322]), tensor([ 48,  68, 110, 129, 159, 181, 184, 206, 208, 222, 255, 285, 297, 305,
        316, 357, 360, 427, 510]), tensor([ 11,  21,  32, 100, 138, 146, 175, 191, 210, 327, 383, 384, 399, 431,
        459, 474, 491, 505]), tensor([  2,   5,   6,   8,  30,  50,  69,  70,  74, 121, 126, 155, 164, 188,
        195, 231, 232, 237, 247, 248, 251, 256, 289, 300, 365, 373, 394, 411,
        420, 486, 494]), tensor([  4, 330, 336]), tensor([ 81,  83,  99, 103, 168, 172, 196, 198, 212, 245, 263, 264, 307, 312,
        324, 328, 332, 337, 408, 423, 447, 453, 477, 478, 484]), tensor([ 41,  77,  78, 140, 151, 192, 228, 274, 410, 437, 438, 456]), tensor([  1,  33,  79,  85, 142, 145, 152, 173, 234, 261, 301, 318, 379, 401,
        414, 479])]
